>M00008_2.00	M00008_2.00:HMGA1:HMGA2	3.85358
0.282959	0.248465	0.245993	0.222583
0.316659	0.184532	0.236944	0.261864
0.377778	0.112652	0.209413	0.300157
0.616393	0.0689847	0.111484	0.203138
0.675764	0.0427703	0.0631709	0.218294
0.326032	0.133887	0.0820227	0.458058
0.321153	0.137266	0.112384	0.429198
>M00044_2.00	M00044_2.00:FOXP3	7.70796
0.242573	0.257573	0.299257	0.200598
0.388668	0.112474	0.408595	0.0902628
0.193539	0.116219	0.0970744	0.593168
0.567331	0.240073	0.0147456	0.17785
0.726254	0.17731	0.0221514	0.0742843
0.88273	0.0146292	0.0370778	0.0655635
0.0801658	0.688212	0.0496053	0.182017
0.871825	0.0404711	0.0362554	0.0514489
0.497502	0.159111	0.141118	0.202269
>M00056_2.00	M00056_2.00:ALX1:ALX3:ALX4:ARX:DRGX:EN1:EN2:ESX1:GBX1:GBX2:HESX1:ISX:MIXL1:MSX1:MSX2:NOBOX:OTP:PHOX2A:PHOX2B:PROP1:PRRX1:PRRX2:RAX:RAX2:SEBOX:SHOX:SHOX2:UNCX:VSX1:VSX2	9.20904
0.0709225	0.0709225	0.00795025	0.850205
0.866502	0.0133964	0.0133964	0.106705
0.87326	0.0127183	0.0190458	0.094976
6.20964e-05	6.20964e-05	6.20964e-05	0.999814
0.751428	0.0311103	0.018691	0.19877
0.635123	0.0503647	0.0063506	0.308161
0.669102	0.0615964	0.0308367	0.238465
0.206916	0.0575597	0.0575597	0.677964
>M00060_2.00	M00060_2.00:HSF2:HSF4	5.46273
0.320154	0.181055	0.206191	0.292599
0.2317	0.238756	0.197442	0.332102
0.223589	0.242212	0.287095	0.247105
0.161512	0.025143	0.029212	0.784133
0.138264	0.0513756	0.0758807	0.73448
0.0923151	0.709959	0.122145	0.0755812
0.148989	0.381409	0.144586	0.325016
0.4735	0.149928	0.202381	0.174191
0.182247	0.28582	0.153755	0.378177
>M00066_2.00	M00066_2.00:RFX1:RFX2:RFX3:RFX4	9.98322
0.228304	0.228304	0.228304	0.315088
0.11995	0.353086	0.407015	0.11995
0.000129951	0.000129951	0.99961	0.000129951
0.000129951	0.000129951	0.000129951	0.99961
0.000129951	0.000129951	0.000129951	0.99961
0.0869142	0.000129951	0.912826	0.000129951
0.000129951	0.99961	0.000129951	0.000129951
0.000129951	0.437251	0.000129951	0.562489
0.934522	0.021826	0.021826	0.021826
0.13018	0.304898	0.261306	0.303616
>M00070_2.00	M00070_2.00:CIC:SOX1:SOX10:SOX11:SOX12:SOX13:SOX14:SOX15:SOX17:SOX18:SOX2:SOX21:SOX3:SOX4:SOX5:SOX6:SOX7:SOX8:SOX9:SRY	10.5402
0.268573	0.272224	0.178881	0.280322
0.509793	0.098806	0.292595	0.098806
0.848016	0.0506614	0.0506614	0.0506614
0.999893	3.58234e-05	3.58234e-05	3.58234e-05
3.58234e-05	0.903786	3.58234e-05	0.0961423
0.903786	3.58234e-05	3.58234e-05	0.0961423
0.999893	3.58234e-05	3.58234e-05	3.58234e-05
3.58234e-05	3.58234e-05	3.58234e-05	0.999893
0.59126	0.0711547	0.0711547	0.266431
0.345743	0.15123	0.257625	0.245401
0.199374	0.199374	0.199374	0.401877
>M00111_2.00	M00111_2.00:TFAP2A:TFAP2B:TFAP2C:TFAP2D:TFAP2E	8.13646
0.220377	0.335405	0.102037	0.342181
0.111784	0.19375	0.669524	0.0249423
0.00955289	0.989147	0.000370406	0.000929455
0.000437167	0.891193	0.000323861	0.108046
0.0462226	0.377462	0.191229	0.385087
0.132612	0.336106	0.329451	0.20183
0.430307	0.248265	0.229178	0.0922497
0.301624	0.0247588	0.651437	0.0221798
0.0551008	0.00043135	0.943092	0.00137598
0.095237	0.349453	0.435445	0.119865
>M00112_2.00	M00112_2.00:TFAP2A:TFAP2B:TFAP2C:TFAP2D:TFAP2E	9.7088
1.94012e-05	0.999823	3.75373e-05	0.000119741
9.08529e-05	0.899183	9.26882e-05	0.100634
0.0230421	0.234469	0.177208	0.565281
0.107618	0.390953	0.394882	0.106547
0.537857	0.155647	0.286458	0.0200372
0.0516492	2.2697e-05	0.948115	0.0002132
1.40897e-05	1.07558e-05	0.99993	4.49451e-05
1.06017e-05	0.667311	0.331377	0.00130116
0.201422	0.246017	0.349115	0.203446
0.598826	0.108307	0.129667	0.163199
>M00113_2.00	M00113_2.00:TFAP2A:TFAP2B:TFAP2C:TFAP2D:TFAP2E	9.1014
0.194725	0.400049	0.150143	0.255083
0.0896002	0.325498	0.52603	0.0588715
8.60885e-05	0.989917	0.000243563	0.00975345
0.00124809	0.813717	0.0123248	0.17271
0.0706894	0.449572	0.225494	0.254244
0.114154	0.272476	0.444767	0.168603
0.586691	0.182089	0.161499	0.0697208
0.199175	0.00192357	0.791701	0.00720074
0.0193589	0.000265312	0.975696	0.00467931
0.0617475	0.509308	0.305837	0.123107
>M02878_2.00	M02878_2.00:CTCF	18.4798
0.455332	0.0458438	0.145508	0.353317
0.173692	0.0247846	0.759303	0.0422206
0	0.940984	0	0.059016
0.0050673	0	0.988124	0.00680918
0.0623177	0.932432	0.000777756	0.0044721
0.00453068	0.995469	0	0
0.507584	0.453365	0.0180439	0.0210077
0.00786192	0.640792	0	0.351346
0	0.999887	0.000112701	0
0.00259467	0.00343619	0.0016129	0.992356
0.76366	0.0209598	0.117447	0.0979329
0.00731826	0.131403	0.799154	0.0621239
0.0137677	0.387978	0	0.598255
0.000232693	0	0.985689	0.014078
0.0397883	0.0111721	0.73138	0.21766
0.151957	0.281977	0.00816909	0.557898
0.364415	0.310527	0.212438	0.11262
